# In this file are tiles whose official names have changed.
# Each entry consists of <old-name> <new-name>.
# Whenever <old-name> is found when loading a Micropolis save-file,
# that tile will be mapped to <new-name> automatically.
#

# old fire animation
57 56
58 56
59 56
60 56
61 56
62 56
63 56
# light traffic
96   80
97   81
98   82
99   83
100  84
101  85
102  86
103  87
104  88
105  89
106  90
107  91
108  92
109  93
110  94

112  80
113  81
114  82
115  83
116  84
117  85
118  86
119  87
120  88
121  89
122  90
123  91
124  92
125  93
126  94

128  80
129  81
130  82
131  83
132  84
133  85
134  86
135  87
136  88
137  89
138  90
139  91
140  92
141  93
142  94
143  95
# heavy traffic
160  144
161  145
162  146
163  147
164  148
165  149
166  150
167  151
168  152
169  153
170  154
171  155
172  156
173  157
174  158

176  144
177  145
178  146
179  147
180  148
181  149
182  150
183  151
184  152
185  153
186  154
187  155
188  156
189  157
190  158

192  144
193  145
194  146
195  147
196  148
197  149
198  150
199  151
200  152
201  153
202  154
203  155
204  156
205  157
206  158
# radar dish animation
833 832
834 832
835 832
836 832
837 832
838 832
839 832
# fountain animation
841 840
842 840
843 840
# IND pistons animation
853 852
854 852
855 852
856 852
857 852
858 852
859 852
# IND zone smoke animations
885 884
886 884
887 884
889 888
890 888
891 888
893 892
894 892
895 892
897 896
898 896
899 896
901 900
902 900
903 900
905 904
906 904
907 904
909 908
910 908
911 908
913 912
914 912
915 912
# coal smoke animation
917 916
918 916
919 916
921 920
922 920
923 920
925 924
926 924
927 924
929 928
930 928
931 928
# stadium animation
933 932
934 932
935 932
936 932
937 932
938 932
939 932
941 940
942 940
943 940
944 940
945 940
946 940
947 940
# nuclear swirl
953 952
954 952
955 952
